1	80430	82782	2	4
1	92430	94680	8	8
1	104429	106645	2	2
1	118428	120628	8	5
1	133427	135627	6	8
1	146426	148626	4	4
1	162425	164642	8	8
1	178424	180641	8	6
1	192424	194623	1	4
1	207439	209689	6	8
1	222438	224638	8	6
1	236437	238654	4	4
1	248437	250637	4	4
1	261436	263636	0	8
1	273435	275635	4	4
1	286434	288651	8	8
1	299434	301633	4	2
1	311433	313616	8	6
1	327432	329632	4	4
1	343431	345564	8	8
1	357430	359646	8	8
1	373429	375645	4	4
1	385428	387628	8	8
1	398427	400627	3	2
1	414426	416643	5	8
1	428425	430625	4	4
1	442425	444641	8	8
1	457424	459624	4	4
1	471423	473639	8	8
1	487438	489638	7	6
1	501438	503637	3	4
1	514437	516653	6	5
1	526436	528636	4	4
1	539435	541635	6	8
1	553434	555634	4	4
1	569433	571633	4	4
1	583433	585632	8	8
1	599432	601631	3	4
1	615431	617630	4	3
1	629430	631630	5	8
1	641429	643629	1	4
1	656428	658644	4	4
1	669427	671644	8	8
1	684426	686626	4	4
1	699425	701642	0	4
1	711424	713624	8	8
1	726424	728640	8	6
1	741439	743639	1	4
1	754439	756638	6	8
1	767438	769638	1	4
1	783437	785637	8	6
1	799436	801669	4	4
1	812435	814635	8	8
1	826434	828651	4	4
1	840433	842633	3	4
1	853432	855632	8	8
1	868431	870631	8	6
1	880431	882631	4	4
1	895430	897630	8	8
1	909429	911629	4	4
1	922428	924645	8	8
1	934427	936644	8	8
1	948426	950643	4	4
1	961426	963642	8	8
1	975425	977641	3	4
1	991424	993640	8	8
1	1007439	1009639	2	4
1	1019439	1021639	8	6
1	1031438	1033638	0	1
1	1046437	1048637	8	8
1	1058436	1060636	4	4
1	1073435	1075652	4	1
2	36534	38853	8	8
2	50541	52726	6	5
2	62531	64799	2	1
2	78539	80740	8	8
2	90529	92746	7	5
2	104536	106770	1	4
2	118543	120727	6	5
2	132534	134735	2	4
2	145540	147741	5	8
2	157530	159731	2	2
2	171537	173738	8	6
2	186545	188746	2	2
2	201536	203754	8	8
2	213542	215727	1	4
2	228533	230734	8	8
2	242540	244741	4	2
2	258532	260733	1	2
2	272539	274740	6	6
2	286530	288748	4	4
2	298536	300737	1	4
2	314544	316729	8	6
2	330536	332737	2	2
2	343542	345694	5	8
2	356533	358734	7	5
2	368539	370723	2	1
2	383530	385748	1	2
2	399538	401756	5	6
2	413529	415746	4	4
2	426535	428736	4	4
2	439542	441743	7	8
2	454533	456734	1	2
2	470541	472742	8	8
2	482531	484749	4	4
2	497539	499740	5	6
2	512530	514731	4	4
2	527537	529739	5	5
2	539544	541745	3	4
2	551533	553734	4	4
2	566541	568742	5	6
2	582533	584750	2	4
2	595539	597740	5	5
2	607529	609730	8	6
2	620535	622753	4	4
2	635543	637744	3	2
2	649534	651768	6	8
2	665542	667743	8	6
2	680533	682751	3	4
2	693540	695724	8	5
2	707530	709748	8	6
2	723539	725673	4	4
2	737529	739730	4	2
2	753537	755722	6	6
2	766527	768762	8	8
2	779534	781735	4	4
2	795542	797727	8	6
2	808533	810734	6	8
2	824541	826725	1	1
2	839532	841733	8	8
2	854540	856724	4	4
2	866529	868747	5	8
2	880536	882721	5	8
2	892543	894744	4	4
2	905533	907750	8	8
2	921541	923742	4	4
2	934531	936765	8	8
2	948538	950756	4	2
2	962529	964730	4	4
2	974535	976753	8	5
2	987542	989726	2	1
2	1003533	1005734	8	8
2	1015539	1017740	4	4
2	1029530	1031731	3	1
3	40774	43110	3	1
3	54781	57082	7	6
3	67771	69972	4	1
3	79777	81962	8	6
3	95769	97970	4	1
3	109776	111977	4	1
3	123767	125968	7	6
3	137774	139975	3	1
3	152765	154983	8	6
3	164771	166972	2	3
3	176777	178962	7	8
3	192769	194987	4	4
3	206776	208977	1	2
3	222768	224969	7	5
3	235775	237976	2	2
3	249765	251983	6	6
3	261771	263972	7	6
3	276779	278980	3	2
3	291770	293971	8	8
3	305777	307979	8	6
3	318767	320985	2	3
3	330774	332991	8	8
3	342780	344981	3	1
3	357771	359972	6	5
3	372779	374980	3	1
3	387770	389971	7	8
3	402777	404979	2	2
3	415767	417985	8	6
3	431776	433960	4	4
3	443765	445966	8	8
3	458773	460974	6	6
3	473781	475999	4	2
3	487771	489972	1	4
3	500778	502979	7	5
3	513768	516019	7	7
3	527775	529976	3	2
3	542766	544984	1	2
3	558775	560976	0	6
3	574766	576984	8	8
3	588773	590975	1	4
3	603765	605982	5	6
3	616771	618989	4	1
3	630778	632963	6	6
3	645770	647971	2	1
3	661778	663979	8	5
3	677769	679971	8	5
3	693778	695979	4	2
3	706768	708969	8	5
3	719774	721976	1	4
3	731764	733982	4	2
3	743770	745971	5	5
3	759778	762013	4	4
3	772768	774970	3	2
3	785775	787976	6	8
3	797765	799982	7	5
3	811772	813956	2	1
3	826780	828964	8	7
3	840770	842971	3	2
3	853777	855978	7	8
3	868768	870969	4	2
3	880774	882975	6	5
3	896766	898984	4	2
3	912774	914958	8	5
3	926765	928966	4	1
3	940772	942973	8	8
3	956780	958981	3	4
3	969770	971971	2	1
3	981776	983977	5	6
3	993766	995967	4	2
3	1006773	1008974	8	8
3	1020780	1022981	4	4
3	1032769	1034987	6	5
4	142040	145075	8	8
4	155039	157306	4	4
4	170038	172255	2	4
4	183037	185254	8	8
4	199036	201253	4	4
4	214036	216252	4	4
4	226035	228251	8	7
4	241034	243250	4	4
4	254033	256233	8	8
4	266049	268249	3	4
4	282048	284248	8	8
4	297047	299247	4	4
4	310046	312246	4	4
4	324045	326228	8	8
4	336045	338244	4	4
4	352044	354243	4	4
4	368043	370259	8	8
4	382042	384242	4	4
4	397041	399241	8	8
4	411040	413256	8	8
4	425039	427256	4	4
4	441038	443238	4	3
4	454037	456254	5	8
4	469036	471236	4	4
4	482035	484235	5	8
4	494035	496251	4	4
4	507034	509234	4	4
4	521033	523233	8	8
4	535032	537249	4	4
4	551048	553248	8	8
4	566047	568263	7	8
4	580046	582229	4	4
4	595045	597228	8	8
4	607044	609244	8	8
4	620044	622243	4	4
4	635043	637242	8	8
4	647042	649242	8	8
4	659041	661224	4	4
4	671040	673240	8	5
4	683040	685240	4	4
4	697039	699239	4	4
4	712038	714254	8	8
4	727037	729237	0	8
4	741036	743253	1	4
4	755035	757252	4	4
4	767034	769234	8	5
4	782033	784250	8	8
4	798032	800249	4	4
4	814048	816248	4	4
4	827047	829231	8	8
4	841046	843246	4	4
4	855046	857245	8	8
4	867045	869228	4	4
4	881044	883227	8	8
4	897043	899243	8	8
4	910042	912242	4	4
4	922041	924241	8	8
4	936041	938240	8	8
4	951040	953239	4	4
4	963039	965222	8	8
4	977038	979238	8	8
4	990037	992254	3	4
4	1006036	1008236	8	8
4	1022035	1024235	4	4
4	1034034	1036234	8	8
4	1048034	1050233	4	4
4	1064033	1066249	8	8
4	1077048	1079232	8	8
4	1090048	1092247	1	4
4	1106047	1108230	4	4
4	1121046	1123246	8	8
4	1134045	1136245	4	4
5	73684	76019	2	3
5	89683	91883	4	4
5	104682	106882	8	8
5	118682	120898	5	5
5	132681	134881	4	1
5	144680	146880	7	8
5	159679	161895	5	7
5	174678	176895	1	4
5	186677	188894	8	8
5	199693	201910	4	1
5	215692	217875	0	8
5	228691	230891	4	3
5	243690	245890	1	4
5	257690	259889	7	5
5	272689	274888	1	1
5	284688	286888	8	8
5	300687	302903	0	4
5	316686	318902	5	8
5	329685	331902	4	3
5	344684	346917	8	6
5	357683	359883	4	1
5	370683	372882	6	5
5	384682	386898	4	3
5	396681	398914	6	8
5	412680	414896	4	1
5	425679	427896	8	7
5	440678	442895	1	2
5	456677	458894	5	8
5	471693	473893	5	7
5	484692	486909	1	4
5	498691	500891	7	8
5	510690	512890	4	2
5	523690	525906	5	5
5	535689	537889	3	4
5	547688	549888	5	5
5	561687	563887	4	1
5	573687	575886	8	8
5	587686	589886	4	3
5	601685	603885	4	1
5	613684	615901	5	7
5	629683	631916	1	2
5	641682	643882	4	4
5	657681	659898	5	8
5	670681	672880	4	1
5	682680	684880	5	8
5	698679	700895	4	1
5	714678	716894	8	8
5	727694	729893	4	1
5	742693	744893	8	8
5	756692	758892	2	1
5	768691	770908	4	4
5	783690	785890	8	7
5	795689	797889	1	1
5	809689	811888	1	4
5	823688	825888	7	8
5	838687	840887	1	2
5	853686	855886	5	8
5	867685	869901	1	4
5	882684	884884	8	8
5	898683	900883	8	6
5	912682	914915	1	4
5	925681	927881	5	5
5	938681	940880	8	8
5	953680	955896	4	1
5	966679	968912	5	8
5	979678	981894	3	1
5	995694	997893	6	6
5	1011693	1013876	4	4
5	1025692	1027875	8	8
5	1039691	1041891	4	1
5	1051690	1053923	0	8
5	1065689	1067889	8	8
6	87243	90276	8	5
6	102242	104508	6	5
6	114241	116474	4	2
6	127240	129474	1	4
6	143239	145439	6	7
6	157239	159438	2	1
6	169238	171438	5	6
6	182237	184437	2	2
6	194236	196453	6	6
6	206235	208469	5	5
6	221235	223451	4	4
6	237234	239450	6	8
6	252233	254466	2	3
6	265248	267448	6	8
6	278248	280431	4	4
6	290247	292447	8	7
6	304246	306446	8	5
6	320245	322445	1	4
6	334244	336444	2	1
6	347243	349460	5	8
6	359243	361426	4	2
6	374242	376442	6	5
6	388241	390441	4	4
6	401240	403440	4	4
6	417239	419456	6	8
6	430238	432438	4	1
6	445237	447487	6	8
6	459236	461436	4	1
6	472236	474452	6	8
6	488235	490434	4	4
6	500234	502450	8	8
6	512233	514433	0	2
6	525232	527449	5	6
6	540248	542431	2	2
6	556247	558447	5	5
6	570246	572446	2	4
6	582245	584445	2	1
6	596245	598444	6	6
6	611244	613443	3	1
6	623243	625476	7	8
6	637242	639525	2	4
6	651241	653458	1	4
6	665240	667457	6	6
6	680239	682439	2	4
6	693238	695505	5	5
6	707238	709471	1	2
6	722237	724453	6	8
6	734236	736436	5	8
6	750235	752451	1	2
6	765234	767451	5	7
6	781233	783433	2	1
6	795249	797449	2	4
6	809248	811448	5	6
6	825247	827430	2	2
6	837246	839463	4	1
6	850245	852445	8	5
6	866244	868428	8	6
6	881243	883443	1	3
6	895243	897426	1	3
6	907242	909458	5	8
6	922241	924441	1	1
6	936240	938440	5	6
6	952239	954456	2	1
6	964238	966438	8	8
6	977237	979454	4	4
6	993236	995436	6	5
6	1008236	1010452	6	6
6	1024235	1026434	2	4
6	1037234	1039450	8	5
6	1050233	1052433	8	5
6	1066232	1068432	1	1
6	1081248	1083448	8	6
7	45810	48145	3	2
7	60809	63059	5	8
7	72808	75041	4	4
7	87807	90007	8	6
7	99807	102023	2	1
7	113806	116022	0	8
7	129805	132004	4	1
7	145804	148020	6	6
7	159803	162019	4	1
7	173819	176018	2	1
7	185818	188034	6	8
7	199817	202050	7	8
7	215816	217999	3	3
7	227815	230015	4	4
7	243814	246014	8	6
7	257813	260013	4	4
7	271812	274012	7	5
7	285812	288011	2	1
7	300811	303010	8	8
7	316810	319009	8	8
7	332809	335025	4	2
7	346808	349041	1	3
7	359807	362024	8	6
7	374806	377023	0	1
7	389805	392022	5	7
7	401804	404021	1	4
7	415804	418003	8	5
7	431802	434019	6	8
7	443818	446002	4	1
7	456818	459001	8	6
7	472817	475033	4	4
7	485816	488049	8	8
7	501815	504015	4	4
7	514814	517014	3	4
7	527813	530013	6	6
7	540812	543012	6	7
7	556811	559011	3	4
7	572810	575027	5	5
7	587809	590009	5	8
7	599809	602009	3	4
7	614808	617008	8	5
7	630807	633040	4	4
7	644806	647022	6	8
7	659805	662005	1	2
7	673804	676021	8	8
7	688803	691020	4	4
7	701802	704019	8	8
7	714818	717018	3	1
7	726817	729017	8	8
7	741817	744016	4	4
7	753816	756016	2	3
7	766815	769031	6	6
7	781814	784031	4	1
7	797813	800030	4	4
7	811812	814012	8	8
7	825811	828011	8	6
7	838811	841010	4	4
7	850810	853010	5	6
7	864809	867009	4	1
7	876808	879008	6	6
7	891807	894007	3	4
7	904806	907040	6	7
7	916806	919022	8	8
7	929805	932005	2	1
7	943804	946020	8	8
7	956803	959020	4	4
7	970802	972952	7	8
7	983818	986001	2	4
7	995817	998017	6	6
7	1007817	1010017	4	1
7	1022816	1025016	4	3
7	1037815	1039998	8	5
8	60241	63160	8	6
8	76240	78524	3	2
8	92239	94456	4	2
8	106239	108455	8	5
8	121238	123471	4	2
8	137253	139453	8	8
8	152252	154436	3	4
8	168251	170451	8	5
8	183250	185467	4	2
8	197250	199433	8	5
8	210249	212465	4	1
8	222248	224448	8	5
8	235247	237447	4	1
8	247246	249446	3	2
8	263245	265495	8	8
8	277245	279444	4	4
8	291244	293444	7	5
8	306243	308426	3	1
8	320242	322458	8	6
8	334241	336458	3	1
8	347240	349457	7	6
8	362239	364439	3	4
8	376238	378455	8	5
8	389238	391454	0	2
8	401237	403420	4	2
8	417253	419436	8	5
8	431252	433435	8	5
8	443251	445451	1	4
8	456250	458450	8	8
8	471249	473449	3	2
8	484248	486482	8	6
8	500247	502464	8	6
8	513246	515463	4	1
8	528246	530362	7	5
8	542245	544445	2	2
8	557244	559427	4	1
8	572243	574459	7	6
8	588242	590442	3	1
8	600241	602374	5	6
8	614240	616390	4	2
8	628239	630389	5	5
8	641239	643455	4	1
8	657238	659454	1	1
8	669237	671453	5	5
8	685252	687452	8	5
8	701252	703435	4	4
8	714251	716434	7	6
8	727250	729450	4	2
8	743249	745449	8	5
8	758248	760448	3	4
8	770247	772497	4	2
8	785246	787446	7	8
8	797246	799462	1	1
8	813245	815394	7	6
8	828244	830410	7	6
8	844243	846442	1	1
8	859242	861475	7	5
8	871241	873507	8	5
8	883240	885440	2	1
8	896239	898456	3	1
8	910238	912472	7	5
8	923238	925454	3	1
8	935237	937370	3	2
8	947253	949453	7	5
8	962252	964452	1	4
8	974234	976434	8	5
8	988250	990467	8	8
8	1002249	1004449	4	1
8	1015249	1017432	7	5
8	1028248	1030448	5	6
8	1042247	1044447	3	1
8	1054246	1056463	8	6
9	83819	86253	1	4
9	95818	98101	1	3
9	109817	112017	5	5
9	123816	126016	2	1
9	137816	140015	6	6
9	150815	153015	2	3
9	165814	168014	5	8
9	177813	180013	8	8
9	192812	195012	1	4
9	205811	208011	6	6
9	221810	224027	1	1
9	237809	240042	0	8
9	253808	256025	4	3
9	265808	268007	6	5
9	280807	283006	1	4
9	292823	295022	1	4
9	305822	308022	5	5
9	317804	319937	6	6
9	332820	334987	2	3
9	348819	350986	6	8
9	362818	365018	1	2
9	376817	379017	6	7
9	388817	391016	0	4
9	402816	405016	2	1
9	418815	421015	5	6
9	432814	435030	1	3
9	446813	449013	6	5
9	461812	464012	3	2
9	474811	477028	6	6
9	486810	489027	0	3
9	502809	505026	6	8
9	516809	519008	1	2
9	531808	534008	0	3
9	543807	545957	5	5
9	555806	557906	2	2
9	568822	571022	1	1
9	584821	586954	6	8
9	599820	602020	4	4
9	614819	617019	5	8
9	628818	631018	2	4
9	640818	643034	8	5
9	656817	659033	5	5
9	671816	674015	1	3
9	684815	687015	5	6
9	698814	701014	4	2
9	711813	714030	5	8
9	727812	730012	6	8
9	739811	741995	1	2
9	753810	756010	5	8
9	766810	769026	5	7
9	779809	782042	0	1
9	793808	796025	5	5
9	806807	808990	1	1
9	820806	822939	6	6
9	834805	837022	2	1
9	846821	849021	2	2
9	862820	865020	5	5
9	875820	877953	5	6
9	890819	893018	2	1
9	906818	909101	5	5
9	918817	920933	6	5
9	934816	937016	2	4
9	949815	952015	6	8
9	963814	966014	6	5
9	976813	979013	2	4
9	988813	991012	6	7
9	1001812	1004012	0	3
9	1016811	1019011	2	2
9	1032810	1035026	6	8
9	1047809	1050025	6	5
9	1062808	1065091	0	1
9	1078807	1081007	1	2
10	69049	71667	6	8
10	84048	86281	6	5
10	99047	101280	3	3
10	115062	117279	6	5
10	131061	133261	4	2
10	146044	148260	5	5
10	158060	160243	7	5
10	174059	176275	3	1
10	187058	189241	4	1
10	202057	204257	6	6
10	214056	216256	7	5
10	230055	232272	1	1
10	244054	246254	7	8
10	256054	258254	1	3
10	270053	272269	1	1
10	286052	288252	7	5
10	300051	302268	5	8
10	315050	317267	1	3
10	330049	332249	3	1
10	344048	346265	0	8
10	356047	358297	1	1
10	372046	374280	7	5
10	384062	386262	2	1
10	399062	401245	2	4
10	411061	413211	6	6
10	423060	425260	4	3
10	435059	437259	5	6
10	450058	452258	4	2
10	466057	468207	2	4
10	481056	483273	6	6
10	495056	497272	4	2
10	507055	509271	4	1
10	522054	524254	5	6
10	536053	538253	2	4
10	549052	551202	7	7
10	562051	564401	2	2
10	578050	580200	4	1
10	591050	593266	6	5
10	607049	609248	3	2
10	621048	623248	7	5
10	634047	636263	1	4
10	646063	648296	2	1
10	659062	661262	7	5
10	673061	675244	1	2
10	689060	691260	6	6
10	705059	707259	3	1
10	718058	720225	7	5
10	734057	736257	4	1
10	748056	750256	7	8
10	761056	763255	2	4
10	776055	778271	8	6
10	790054	792287	5	7
10	803053	805253	1	2
10	818052	820252	6	5
10	831051	833251	6	5
10	847050	849267	0	8
10	861049	863266	1	1
10	877048	879248	6	5
10	889048	891264	3	1
10	902047	904263	5	5
10	916063	918246	3	1
10	929062	931262	5	5
10	944061	946261	5	8
10	958060	960260	1	3
10	970059	972259	8	5
10	984058	986258	4	1
10	996058	998258	5	5
10	1009057	1011257	4	4
10	1023056	1025256	3	2
10	1035055	1037322	7	5
10	1048054	1050254	3	4
10	1063053	1065187	5	6
11	55975	58360	1	4
11	67974	70224	3	4
11	79973	82207	8	8
11	95972	98189	4	4
11	110971	113221	8	8
11	122971	125204	2	4
11	137970	140203	8	8
11	150969	153119	8	8
11	163968	166201	4	4
11	177967	180217	8	8
11	191966	194166	4	4
11	205966	208165	7	8
11	218965	221165	4	4
11	233964	236147	8	8
11	248963	251163	4	4
11	262962	265195	8	8
11	278961	281161	4	4
11	290977	293160	4	4
11	306976	309159	8	8
11	322975	325175	0	8
11	334974	337191	4	4
11	347973	350140	8	8
11	360972	363172	8	8
11	376972	379171	4	4
11	389971	392171	7	8
11	401970	404170	1	4
11	415969	418169	8	8
11	430968	433168	1	4
11	445967	448150	6	8
11	459966	462183	5	8
11	475965	478115	4	4
11	489965	492198	8	8
11	504964	507163	4	4
11	520963	523179	8	8
11	533962	536178	4	4
11	546961	549177	8	8
11	562977	565177	4	4
11	577976	580159	8	8
11	592975	595175	4	4
11	605974	608157	8	8
11	621973	624173	4	3
11	634972	637189	4	4
11	646971	649171	8	8
11	658971	661171	8	8
11	672970	675170	4	4
11	688969	691102	8	8
11	702968	705168	4	4
11	716967	719100	8	8
11	730966	733166	8	8
11	742965	745182	4	4
11	754965	757165	8	8
11	768964	771180	4	4
11	781963	784146	6	8
11	796962	799179	1	4
11	808961	811178	8	8
11	824977	827177	4	4
11	837976	840176	8	8
11	852975	855175	4	4
11	868974	871191	8	8
11	881973	884173	5	8
11	896973	899172	2	4
11	909972	912172	8	8
11	923971	926187	1	4
11	939970	942170	4	3
11	954969	957169	8	8
11	968968	971235	1	4
11	984967	987184	4	4
11	996966	999166	8	8
11	1008966	1011165	1	4
11	1022965	1025165	4	4
11	1037964	1040180	8	8
11	1049963	1052179	2	4
12	144927	148061	6	5
12	156926	159126	6	7
12	168925	171175	2	4
12	183925	186174	4	1
12	195940	198140	8	6
12	208940	211156	3	2
12	222922	225122	0	5
12	237938	240138	2	2
12	251937	254137	1	1
12	264919	267003	6	5
12	276935	279152	6	5
12	290935	293134	3	1
12	305934	308167	7	5
12	317933	320133	7	7
12	330932	333065	4	3
12	343931	346048	4	1
12	359930	362063	7	6
12	372929	375129	5	5
12	388928	391128	4	4
12	404927	407144	4	2
12	420926	423093	5	5
12	435926	438125	8	7
12	447925	450041	4	1
12	461924	464124	3	1
12	476923	479123	5	8
12	491939	494122	4	4
12	505938	508121	1	2
12	519937	522170	7	8
12	535936	538069	3	1
12	549935	552135	4	3
12	562934	565017	7	8
12	576933	579050	1	4
12	588933	591149	7	6
12	604932	607115	5	5
12	617931	620131	1	4
12	632930	635130	8	6
12	644929	647146	3	4
12	657928	660128	6	5
12	671928	674127	2	3
12	683927	686127	5	6
12	696926	699143	1	4
12	711925	714125	3	3
12	726924	729157	5	8
12	740940	743140	8	8
12	752922	755039	1	2
12	768938	771138	1	3
12	784937	787137	6	6
12	797936	800136	3	1
12	811919	814119	2	1
12	827934	830068	7	8
12	843933	846067	3	1
12	859932	862132	6	8
12	875931	878065	1	2
12	887931	890131	8	5
12	903930	906013	7	7
12	918929	921129	1	4
12	932928	935128	6	6
12	948927	951143	1	3
12	960926	963126	8	5
12	974925	977075	7	7
12	986925	989024	1	1
12	1001924	1004140	8	6
12	1016939	1019089	3	3
12	1031922	1034122	4	1
12	1045938	1048121	7	8
12	1058937	1061053	6	6
12	1071936	1074102	1	2
12	1085935	1088068	6	6
12	1099934	1102117	1	1
12	1114933	1117133	7	5
12	1127932	1130132	8	8
12	1140932	1142998	2	4
13	78958	81291	3	3
13	91957	94090	7	6
13	106956	109156	1	4
13	121955	124172	8	8
13	136954	139154	4	4
13	151953	154070	6	8
13	167952	170169	4	4
13	181952	184168	2	4
13	196967	199167	7	6
13	208967	211150	8	8
13	222966	225149	3	4
13	234965	237198	8	8
13	247964	250164	4	4
13	263963	266163	8	8
13	277962	280145	3	1
13	293961	296161	4	4
13	307960	310160	8	8
13	321960	324159	4	4
13	336959	339158	5	8
13	352958	355157	1	4
13	366957	369173	1	2
13	378956	381189	8	8
13	391955	394155	5	8
13	403954	406254	4	4
13	415954	418170	8	8
13	428953	431169	4	4
13	444952	447152	1	4
13	458951	461151	8	6
13	470950	473150	2	4
13	486966	489166	7	8
13	502948	505065	4	4
13	516964	519197	5	6
13	531963	534146	5	6
13	546962	549162	3	4
13	560961	563144	8	8
13	572961	575160	7	8
13	584960	587176	3	4
13	596959	599059	4	4
13	609958	612158	8	8
13	622957	625157	2	2
13	637957	640156	2	4
13	649956	652172	8	5
13	665955	668155	7	8
13	681954	684154	2	4
13	693953	696170	8	6
13	706952	709169	2	4
13	721951	724168	4	4
13	733950	736150	6	8
13	747966	750150	6	8
13	760966	763149	2	4
13	776965	779164	5	8
13	788964	791180	4	2
13	802963	805079	4	4
13	815962	818162	8	8
13	829961	832161	4	4
13	843960	846043	6	6
13	859959	862159	1	2
13	874958	877158	8	8
13	887958	890157	2	2
13	901957	904157	6	6
13	914956	917156	3	4
13	927955	930172	8	8
13	940954	943154	3	4
13	954953	957153	8	8
13	970952	973152	7	8
13	983952	986068	4	4
13	995951	998151	7	8
13	1011967	1014166	7	8
13	1026966	1029149	2	3
13	1042965	1045164	6	8
13	1056964	1059164	5	8
13	1071963	1074179	2	4
14	89656	92408	6	8
14	105672	107922	8	8
14	117671	119904	2	4
14	129671	131870	7	8
14	142670	144903	3	4
14	158669	160852	7	7
14	171668	173868	4	4
14	187667	189900	4	4
14	202666	204882	7	7
14	214665	216865	3	4
14	226664	228864	7	8
14	240664	242880	8	5
14	252663	254913	4	4
14	268662	270845	4	1
14	284661	286861	8	7
14	300660	302860	2	4
14	314659	316875	3	3
14	328658	330875	7	8
14	343657	345857	4	4
14	358656	360873	5	8
14	374655	376872	4	4
14	387671	389871	0	1
14	401670	403870	5	8
14	415669	417852	6	8
14	430668	432868	2	4
14	442668	444901	7	8
14	456667	458867	3	1
14	470666	472866	6	8
14	485665	487848	1	4
14	501664	503864	8	8
14	517663	519863	1	3
14	533662	535878	8	8
14	548661	550861	4	4
14	563660	565860	7	8
14	576659	578859	1	4
14	588658	590875	3	4
14	603657	605857	8	8
14	618656	620840	3	3
14	632656	634905	6	5
14	648671	650888	4	4
14	660654	662887	6	8
14	676670	678853	7	5
14	690669	692869	4	4
14	704668	706868	4	2
14	719667	721867	5	7
14	733666	735866	6	7
14	747665	749865	3	2
14	759664	761864	4	4
14	772663	774897	8	8
14	784663	786863	7	5
14	797662	799879	3	2
14	812661	814911	8	5
14	828660	830860	4	4
14	841659	843859	4	4
14	854658	856858	6	7
14	869657	871857	8	5
14	885656	887873	3	4
14	899656	901872	6	8
14	911655	913871	2	1
14	924671	926870	8	8
14	937670	939870	6	8
14	950669	952869	4	4
14	962668	964901	8	8
14	976667	978867	4	4
14	991666	993783	8	8
14	1004666	1006849	4	4
14	1016665	1018865	4	4
14	1029664	1031864	8	8
14	1043663	1045863	4	4
14	1057662	1059845	7	8
14	1070661	1072878	2	4
14	1085661	1087860	7	8
15	85133	87519	1	4
15	100132	102399	4	4
15	115131	117331	6	8
15	128130	130330	1	3
15	141130	143330	5	8
15	154129	156329	4	4
15	167128	169361	2	4
15	183127	185327	8	8
15	196126	198326	2	4
15	210125	212325	3	3
15	226124	228324	8	7
15	239123	241357	4	4
15	255122	257322	4	4
15	271121	273321	5	8
15	285121	287337	2	3
15	299120	301320	8	8
15	313136	315335	4	4
15	328118	330334	2	3
15	341134	343317	7	8
15	353133	355333	2	3
15	365132	367332	5	8
15	377132	379348	4	4
15	389131	391331	3	4
15	404130	406330	8	7
15	416129	418329	3	4
15	431128	433345	8	8
15	445127	447344	7	8
15	459126	461326	4	4
15	474125	476325	6	7
15	486125	488325	1	4
15	498124	500324	6	8
15	514123	516339	6	8
15	529122	531339	2	4
15	544121	546321	4	4
15	556120	558320	8	8
15	571136	573319	8	8
15	583135	585335	2	4
15	595134	597334	8	8
15	610134	612333	8	8
15	626133	628316	4	4
15	641132	643331	5	8
15	656131	658281	4	4
15	669130	671313	8	8
15	683129	685329	4	4
15	699128	701328	8	8
15	712127	714327	8	8
15	727126	729343	2	4
15	739125	741325	8	8
15	752125	754325	4	4
15	766124	768324	8	7
15	779123	781323	3	4
15	795122	797338	8	8
15	809121	811321	8	8
15	825120	827320	4	4
15	839136	841336	8	8
15	852135	854335	4	3
15	866134	868334	8	7
15	880133	882333	1	4
15	894132	896316	5	8
15	910131	912331	4	4
15	922131	924330	8	8
15	937130	939346	4	4
15	951129	953329	6	8
15	963128	965328	6	8
15	976127	978327	4	4
15	992126	994326	8	7
15	1006125	1008325	8	8
15	1022124	1024324	4	4
15	1034124	1036323	8	7
15	1048123	1050323	4	4
15	1061122	1063322	8	8
15	1077121	1079321	2	4
16	84050	86768	7	5
16	97049	99316	4	1
16	113048	115265	8	8
16	127047	129281	2	2
16	141046	143180	5	8
16	153046	155262	4	1
16	166045	168228	8	8
16	182044	184227	4	1
16	196043	198243	6	5
16	208042	210259	4	4
16	224041	226241	8	6
16	237040	239274	3	2
16	251040	253239	8	8
16	266039	268255	4	4
16	281038	283237	8	7
16	296053	298253	4	1
16	308036	310252	7	6
16	323052	325252	6	8
16	336051	338251	4	4
16	348050	350250	8	8
16	360049	362233	8	8
16	376048	378265	4	3
16	389048	391247	8	5
16	404047	406246	4	4
16	419046	421246	4	4
16	435045	437228	6	6
16	450044	452244	4	4
16	464043	466243	4	4
16	477042	479242	7	6
16	489041	491241	4	1
16	502040	504240	5	7
16	516040	518273	4	4
16	528039	530189	4	4
16	544038	546254	8	8
16	557037	559254	4	3
16	572053	574236	8	8
16	588052	590318	4	4
16	603051	605251	3	2
16	619050	621250	8	5
16	635049	637232	4	1
16	650048	652248	4	4
16	662047	664264	5	6
16	677046	679246	4	4
16	693045	695245	3	2
16	707044	709244	8	8
16	723043	725243	3	1
16	738042	740242	7	7
16	752041	754258	5	5
16	764041	766241	4	4
16	778040	780190	5	8
16	792039	794255	5	8
16	808038	810271	3	1
16	821037	823254	8	8
16	833053	835253	8	5
16	849052	851252	3	4
16	861051	863234	5	8
16	875050	877250	8	5
16	887050	889249	4	2
16	899049	901232	4	1
16	915048	917231	8	6
16	929047	931247	8	8
16	942046	944263	1	1
16	955045	957245	7	5
16	970044	972128	3	1
16	983044	985243	7	5
16	995043	997243	4	2
16	1009042	1011259	7	5
16	1022041	1024241	8	5
16	1036040	1038240	4	2
16	1050039	1052239	8	8
16	1063039	1065255	4	4
16	1078038	1080271	4	4
17	68939	71708	1	4
17	81938	84221	6	5
17	94937	97171	1	4
17	107937	110136	5	6
17	121936	124102	2	1
17	136935	139135	6	8
17	152950	155150	1	4
17	164950	167183	5	5
17	178949	181182	1	4
17	193948	196181	5	6
17	207947	210180	8	8
17	221946	224579	2	4
17	234945	237162	6	6
17	246945	249161	1	4
17	260944	263144	2	4
17	276943	279143	6	8
17	290942	293142	5	6
17	305941	308141	3	4
17	319940	322140	1	2
17	332939	335139	5	6
17	344938	347138	1	4
17	356938	359171	1	2
17	369937	372153	5	6
17	381936	384136	3	4
17	393935	396135	6	8
17	407934	410134	6	8
17	420950	423150	1	3
17	434949	437149	6	8
17	447949	450148	0	4
17	460948	463148	6	5
17	476947	479147	2	1
17	488946	491146	2	4
17	502945	505195	7	5
17	518944	521144	0	1
17	530943	533143	1	4
17	546942	549142	6	8
17	562941	565141	6	8
17	577940	580157	3	4
17	592940	595156	2	4
17	607939	610172	8	8
17	620938	623138	5	5
17	636937	639153	1	4
17	648936	651153	6	8
17	664935	667152	6	8
17	680951	683151	4	4
17	694950	697133	2	4
17	710949	713149	6	6
17	722948	725148	7	8
17	738947	741064	2	4
17	750946	753096	2	1
17	764929	767129	7	8
17	779944	782128	2	3
17	795943	798243	6	8
17	811942	814142	4	4
17	826942	829158	5	8
17	840941	843157	2	2
17	854940	857140	1	2
17	870939	873139	7	5
17	882938	885138	4	4
17	897937	900137	7	8
17	910936	913153	2	4
17	924935	927152	1	4
17	938934	941168	6	8
17	950950	953150	2	4
17	965933	968133	5	8
17	980949	983148	7	8
17	992948	995148	2	4
17	1007947	1010147	7	8
17	1022946	1025096	6	8
17	1037945	1040145	2	4
17	1050944	1053144	6	8
17	1063943	1066143	8	8
18	98775	101809	5	8
18	112774	115057	1	1
18	125773	127923	6	8
18	139772	141989	2	4
18	154771	156971	7	7
18	168770	170987	8	8
18	182769	184902	2	3
18	197768	199985	7	7
18	212767	214984	7	7
18	225767	227983	4	3
18	239782	241982	6	8
18	251765	254015	6	8
18	263781	265897	2	4
18	277780	279963	8	8
18	290779	292996	3	4
18	305778	307995	3	3
18	318777	320977	8	7
18	333776	335976	4	3
18	345776	347976	6	8
18	361775	363975	4	4
18	373774	376007	6	8
18	389773	392006	8	8
18	403772	405955	4	4
18	416771	418971	8	8
18	432770	434987	4	4
18	444769	446936	2	3
18	458769	460969	7	7
18	471768	473868	4	3
18	486767	488983	2	4
18	501766	503983	6	8
18	514782	516982	2	4
18	528781	530964	2	1
18	541780	543963	6	8
18	555779	557979	5	7
18	571778	573978	3	4
18	587777	589977	7	7
18	602776	604976	5	5
18	618775	620975	2	4
18	632774	634974	4	4
18	648773	650973	7	8
18	663772	665989	3	4
18	675772	677972	0	8
18	687771	689954	2	4
18	703770	705986	6	8
18	715769	717986	5	8
18	728768	730985	2	4
18	742767	744867	5	5
18	754767	756967	4	1
18	766766	768983	7	8
18	779782	781965	3	1
18	793764	795964	4	4
18	807780	809997	6	7
18	822779	824962	2	4
18	835778	838078	7	8
18	848778	850977	7	8
18	860777	862977	2	4
18	873776	876026	8	8
18	889775	891975	2	3
18	904774	906974	3	3
18	918773	920973	5	8
18	934772	936972	2	4
18	950771	952854	6	7
18	966770	968953	2	3
18	981769	983952	2	4
18	994768	996968	8	7
18	1006768	1008967	2	4
18	1018767	1020967	6	7
18	1032766	1034966	3	4
18	1044782	1046982	5	8
18	1059764	1061964	3	4
18	1075780	1077980	7	8
18	1091779	1093995	2	4
19	99103	101455	3	2
19	114118	116368	8	8
19	129101	131284	3	4
19	145116	147300	5	6
19	159099	161315	4	3
19	174115	176298	7	7
19	187097	189314	3	4
19	201113	203313	7	8
19	215112	217312	7	8
19	227111	229311	4	4
19	239111	241310	7	8
19	252110	254343	3	4
19	268109	270325	7	8
19	284108	286308	3	4
19	298107	300257	8	8
19	314106	316322	2	4
19	330105	332321	4	4
19	346104	348287	7	8
19	359103	361303	2	2
19	375102	377269	5	5
19	389101	391334	3	1
19	403100	405317	8	8
19	416116	418299	3	3
19	428099	430315	8	8
19	444114	446314	3	4
19	456114	458313	5	8
19	468113	470329	4	2
19	483112	485312	8	7
19	497111	499211	4	1
19	512110	514310	4	2
19	525109	527326	8	8
19	541108	543325	3	4
19	555107	557391	6	7
19	570106	572223	5	8
19	583106	585322	4	4
19	599105	601305	6	6
19	614104	616204	8	8
19	628103	630303	4	3
19	642102	644302	7	8
19	654101	656318	4	4
19	669100	671267	5	8
19	684116	686316	1	3
19	698115	700315	8	8
19	711098	713414	8	6
19	726113	728297	3	3
19	739113	741296	4	4
19	755112	757295	7	7
19	769111	771311	8	5
19	785110	787310	4	3
19	798109	800309	8	8
19	810108	812325	7	7
19	823107	825307	4	4
19	838106	840306	8	8
19	850106	852255	7	8
19	864105	866321	4	4
19	878104	880304	4	3
19	891103	893320	7	5
19	904102	906302	3	4
19	918101	920318	4	4
19	934100	936317	7	8
19	946116	948333	8	8
19	960115	962299	1	4
19	975114	977298	8	8
19	988114	990313	2	3
19	1004113	1006296	7	8
19	1016112	1018312	2	4
19	1031111	1033294	4	3
19	1046110	1048310	7	8
19	1059109	1061309	3	4
19	1071108	1073308	4	2
19	1083108	1085324	8	7
19	1095107	1097307	3	4
20	97799	100917	8	8
20	111798	114064	0	4
20	127797	130030	5	6
20	143796	145996	4	4
20	159795	162061	4	4
20	173794	176044	8	8
20	185793	188010	8	8
20	200792	203009	4	4
20	215791	218024	8	8
20	231790	234007	4	4
20	247789	250006	4	2
20	260788	263038	8	8
20	273788	276004	8	6
20	286787	289003	4	4
20	298786	301003	8	8
20	311802	314002	8	8
20	323801	326001	4	4
20	339800	342000	3	4
20	354799	356999	8	8
20	367798	369998	8	8
20	381798	383997	4	4
20	397797	400013	8	8
20	410796	412979	7	8
20	424795	426995	4	4
20	439794	441994	8	8
20	455793	458026	4	2
20	469792	471992	8	8
20	484791	486991	4	4
20	497790	499990	7	8
20	513789	515989	4	4
20	525789	528005	4	4
20	540788	543021	8	8
20	552787	554970	3	1
20	564803	567003	4	2
20	578802	581002	8	8
20	590801	593001	7	8
20	604800	607000	4	4
20	616799	618999	8	7
20	628799	630999	4	4
20	640798	642981	8	7
20	653797	655997	4	4
20	668796	670996	1	4
20	683795	686012	8	7
20	697794	699994	1	4
20	713793	715993	7	7
20	728792	730992	4	4
20	741792	744008	8	8
20	757791	760007	2	4
20	771790	774006	8	8
20	785789	787989	4	4
20	800788	802988	1	4
20	815787	818004	7	8
20	829786	832003	4	4
20	841802	843985	8	8
20	854801	857001	8	8
20	868800	870984	4	4
20	882799	884999	8	8
20	898798	900998	4	3
20	912798	914997	8	8
20	925797	928013	3	3
20	937796	939996	4	4
20	949795	951995	8	8
20	961794	963994	3	4
20	974794	977010	8	7
20	989793	991993	4	4
20	1002792	1005008	4	4
20	1018791	1020991	5	8
20	1032790	1034990	1	4
20	1048789	1050989	7	8
20	1063788	1065988	4	4
20	1076787	1078987	8	8
20	1091786	1093986	7	8
21	78579	80929	1	2
21	91578	93828	8	8
21	105577	107777	5	6
21	121576	123776	1	2
21	135575	137792	7	8
21	150574	152774	2	1
21	163573	165790	4	3
21	178572	180772	5	7
21	194571	196788	3	1
21	206571	208770	8	8
21	220570	222786	2	2
21	236569	238802	8	8
21	248568	250768	4	4
21	264567	266800	8	8
21	280583	282782	1	4
21	295582	297798	7	5
21	310581	312781	8	6
21	322580	324780	1	2
21	336579	338779	1	4
21	352578	354778	5	8
21	367577	369777	7	6
21	379576	381810	0	2
21	393575	395775	4	2
21	408575	410791	5	8
21	423574	425773	2	3
21	439573	441772	1	1
21	454572	456771	8	6
21	469571	471771	6	7
21	481570	483786	1	2
21	493569	495852	8	8
21	508568	510785	7	6
21	523567	525917	4	1
21	538566	540783	7	6
21	554582	556782	2	4
21	568581	570781	5	5
21	581580	583814	4	2
21	594580	596863	6	8
21	608579	610779	8	8
21	621578	623778	4	4
21	633577	635760	7	5
21	646576	648759	2	1
21	658576	660809	0	8
21	674575	676791	3	3
21	689574	691773	8	8
21	702573	704773	4	1
21	716572	718772	4	2
21	731571	733787	8	6
21	743570	745787	4	2
21	755569	757769	4	1
21	771568	773768	8	7
21	784568	786784	8	7
21	796567	798800	0	1
21	810583	812783	4	4
21	823582	825782	8	5
21	837581	839781	1	1
21	853580	855763	8	6
21	869579	871779	2	1
21	881578	883761	5	6
21	895577	897777	8	5
21	908577	910776	1	4
21	924576	926792	8	7
21	937575	939808	3	4
21	951574	953774	2	1
21	964573	966773	8	5
21	978572	980772	7	6
21	990571	992788	2	4
21	1002571	1004787	2	4
21	1018570	1020769	7	6
21	1031569	1033769	4	1
21	1045568	1047784	4	4
21	1059567	1061767	8	6
21	1073566	1075816	6	5
22	112983	115602	8	8
22	126999	129248	3	4
22	141998	144164	4	4
22	155997	158197	6	8
22	171996	174212	8	8
22	185995	188178	4	4
22	197994	200177	8	8
22	212993	215193	4	4
22	227992	230175	8	8
22	239991	242191	8	8
22	254991	257190	4	4
22	266990	269223	4	4
22	280989	283139	8	8
22	294988	297188	8	8
22	310987	313187	4	4
22	325986	328103	3	4
22	337985	340168	7	8
22	352984	355201	4	4
22	366984	369183	8	8
22	378983	381216	8	8
22	391982	394198	4	4
22	404981	407214	3	4
22	418997	421147	8	8
22	434996	437196	2	1
22	450995	453195	8	8
22	465994	468194	4	4
22	477993	480193	3	4
22	489992	492192	7	7
22	504991	507191	0	8
22	518991	521191	4	4
22	533990	536190	8	8
22	547989	550305	8	8
22	560988	563138	4	4
22	576987	579187	8	8
22	589986	592119	2	4
22	602985	605185	8	8
22	616984	619201	3	4
22	628984	631200	8	5
22	643983	646216	4	4
22	656982	659199	1	4
22	669981	672181	8	8
22	684997	687213	8	8
22	699996	702179	4	4
22	712995	715195	8	8
22	724994	727194	4	4
22	736994	739177	4	4
22	752993	755109	7	8
22	766992	769192	0	8
22	781991	784191	4	4
22	795990	798190	3	4
22	807989	810189	7	8
22	819988	822205	7	8
22	835987	838171	3	4
22	851986	854170	7	8
22	863986	866186	4	4
22	878985	881201	6	8
22	894984	897184	3	4
22	910983	913199	8	8
22	926982	929182	4	4
22	939998	942181	8	7
22	951997	954180	4	4
22	965996	968212	4	4
22	979995	982178	8	7
22	992994	995127	4	4
22	1006993	1009177	8	8
22	1022992	1025192	7	8
22	1035992	1038191	3	4
22	1049991	1052174	4	3
22	1062990	1065190	8	8
22	1078989	1081189	3	4
22	1091988	1094188	4	4
22	1107987	1110220	0	8
23	82476	84927	1	4
23	96475	98742	4	3
23	112474	114691	7	8
23	124474	126690	6	6
23	138473	140689	1	4
23	154488	156705	6	8
23	169487	171687	2	1
23	185486	187670	8	8
23	198486	200685	5	6
23	211485	213668	4	4
23	224484	226684	5	5
23	240483	242699	4	1
23	254482	256665	1	4
23	268481	270681	8	8
23	283480	285680	2	4
23	296479	298679	2	3
23	311478	313678	7	8
23	325478	327677	5	8
23	339477	341677	1	3
23	353476	355676	5	5
23	366475	368675	4	1
23	378474	380707	6	7
23	393473	395673	8	8
23	409472	411689	3	4
23	424488	426671	0	8
23	436487	438687	5	8
23	451486	453686	4	4
23	465485	467685	2	4
23	477485	479668	8	6
23	490484	492634	1	4
23	502483	504683	8	5
23	516482	518699	8	8
23	529481	531665	4	3
23	542481	544680	3	4
23	554480	556680	6	7
23	566479	568679	7	7
23	580478	582678	3	1
23	594477	596694	8	7
23	609476	611676	4	4
23	622476	624692	6	6
23	635475	637675	8	5
23	651474	653690	4	4
23	665473	667706	6	8
23	681472	683688	3	3
23	693471	695688	1	1
23	705487	707654	6	8
23	721469	723703	7	6
23	736485	738668	4	1
23	750484	752684	2	4
23	763483	765683	8	6
23	775483	777666	4	4
23	789482	791598	0	4
23	802481	804698	7	8
23	815480	817680	7	8
23	827479	829679	4	4
23	840479	842695	4	1
23	855478	857661	5	8
23	871477	873676	5	8
23	886476	888676	2	1
23	901475	903675	1	4
23	916474	918690	7	6
23	931473	933673	7	8
23	947472	949622	4	4
23	963488	965687	3	4
23	978487	980620	6	8
23	994486	996685	4	4
23	1008485	1010685	6	8
23	1022484	1024684	1	4
23	1034483	1036683	4	3
23	1050482	1052682	5	8
23	1066481	1068681	5	8
23	1078480	1080680	4	4
24	80562	83296	8	6
24	95561	97845	6	6
24	110560	112810	2	1
24	126576	128776	4	1
24	140575	142775	8	5
24	156574	158774	6	6
24	169573	171790	0	2
24	181573	183689	8	5
24	195572	197772	4	4
24	211571	213771	5	6
24	223570	225753	8	8
24	236569	238802	4	4
24	248568	250685	8	6
24	262568	264717	3	4
24	276567	278800	4	4
24	289566	291766	8	7
24	302565	304748	4	2
24	315564	317764	6	5
24	329563	331763	8	6
24	341563	343779	1	1
24	353562	355762	4	2
24	366561	368778	5	8
24	379560	381793	2	2
24	391559	393759	6	7
24	403575	405775	2	1
24	415575	417775	4	2
24	431574	433773	8	6
24	445573	447756	6	6
24	460572	462772	1	1
24	473571	475771	4	1
24	489570	491770	8	6
24	505569	507769	4	2
24	521568	523918	8	5
24	533567	535767	4	2
24	548566	550766	4	1
24	563565	565765	8	6
24	577564	579764	4	4
24	593563	595763	6	5
24	609562	611779	8	6
24	624562	626778	4	2
24	639561	641710	2	4
24	653560	655776	0	6
24	668575	670792	8	5
24	684574	686774	4	1
24	696557	698757	8	8
24	710573	712773	4	4
24	722572	724772	8	6
24	735571	737754	8	5
24	747570	749737	1	1
24	761570	763769	8	8
24	776569	778785	1	2
24	791568	793784	8	5
24	806567	808800	4	4
24	819566	821766	4	4
24	835565	837781	5	8
24	848564	850764	2	4
24	863563	865763	8	6
24	879562	881779	1	2
24	893561	895778	4	2
24	908560	910777	5	7
24	922559	924759	8	8
24	934575	936775	4	2
24	948558	950791	0	6
24	962574	964757	1	2
24	974556	976773	1	4
24	988572	990772	6	8
24	1004571	1006771	0	8
24	1017570	1019770	4	2
24	1030569	1032769	2	1
24	1046568	1048768	8	5
24	1059568	1061767	2	1
24	1073567	1075767	6	6
25	84589	86922	2	4
25	97604	99821	0	2
25	111603	113803	8	8
25	125603	127786	4	2
25	140602	142785	5	6
25	154601	156801	6	8
25	166600	168800	1	4
25	180599	182816	5	6
25	192598	194798	4	2
25	208597	210681	2	2
25	221597	223713	5	6
25	235596	237812	5	5
25	249595	251795	2	1
25	262594	264711	7	8
25	275593	277793	5	8
25	291592	293675	4	4
25	305591	307808	5	6
25	320590	322790	8	8
25	336589	338789	3	4
25	351588	353788	1	2
25	367587	369787	8	8
25	379587	381803	3	4
25	395602	397802	5	6
25	410601	412801	2	4
25	422601	424801	8	5
25	438600	440800	6	5
25	453599	455799	1	4
25	469598	471798	6	8
25	483597	485780	8	8
25	496596	498796	2	2
25	508595	510795	4	4
25	524594	526811	8	8
25	538593	540793	8	8
25	554592	556792	1	2
25	566592	568791	3	2
25	580591	582724	6	8
25	595590	597806	2	4
25	611589	613789	8	8
25	626588	628754	4	2
25	638587	640787	6	6
25	653603	655786	8	8
25	667602	669818	2	4
25	683601	685801	8	8
25	695600	697800	1	2
25	707600	709799	1	4
25	719599	721799	8	6
25	734598	736781	7	5
25	747597	749797	0	4
25	760596	762796	2	4
25	775595	777795	8	8
25	789594	791794	3	4
25	802593	804810	0	4
25	818593	820809	6	8
25	834591	836791	1	4
25	848591	850790	2	1
25	861590	863790	6	8
25	873589	875806	2	4
25	885588	887805	7	8
25	898587	900937	8	8
25	912587	914803	2	1
25	925602	927786	8	6
25	938602	940818	4	2
25	953601	955801	7	5
25	969600	971816	2	4
25	981599	983715	6	8
25	996598	998798	7	8
25	1011597	1013797	2	1
25	1025596	1027796	6	6
25	1039595	1041812	2	4
25	1054594	1056794	6	8
25	1067594	1069793	2	2
25	1079593	1081809	3	4
26	148610	151261	7	8
26	163625	165892	7	6
26	175625	177858	4	4
26	191624	193790	3	2
26	203623	205839	6	5
26	219622	221822	7	8
26	232621	234821	4	4
26	246620	248820	2	4
26	260619	262819	6	8
26	272619	274818	4	4
26	285618	287801	3	2
26	298617	300833	7	8
26	310616	312816	1	4
26	322615	324849	8	8
26	337615	339864	8	8
26	353613	355813	3	4
26	368613	370812	5	8
26	384612	386828	6	8
26	396611	398811	4	4
26	411627	413826	8	8
26	427626	429825	8	8
26	439625	441841	3	4
26	453624	455807	7	8
26	468623	470823	4	1
26	480622	482822	8	8
26	494621	496821	4	4
26	507621	509820	8	5
26	521620	523820	4	4
26	533619	535819	7	8
26	546618	548818	3	4
26	561617	563834	4	4
26	576616	578816	6	8
26	590615	592815	8	8
26	604614	606814	4	2
26	616614	618814	4	3
26	631613	633829	7	5
26	643612	645812	3	4
26	657611	659811	5	8
26	670610	672810	3	4
26	683626	685826	4	4
26	697625	699808	7	7
26	713624	715841	4	3
26	728623	730823	8	8
26	742622	744806	8	8
26	758621	760821	4	4
26	774620	776804	8	6
26	790619	792819	1	3
26	806618	808835	0	5
26	822617	824801	8	8
26	834617	836817	3	4
26	849616	851766	4	4
26	865615	867815	8	8
26	880614	882814	7	8
26	892613	894796	4	1
26	908612	910812	4	4
26	922611	924728	8	5
26	937610	939810	4	1
26	950626	952826	8	5
26	966608	968808	2	4
26	979624	981807	4	4
26	993623	995840	8	7
26	1007623	1009806	7	8
26	1019622	1021822	4	4
26	1034621	1036804	4	4
26	1048620	1050820	5	8
26	1062619	1064819	4	4
26	1075618	1077818	0	8
26	1088617	1090817	4	1
26	1101617	1103800	4	4
26	1114616	1116766	7	8
26	1128615	1130848	5	8
26	1141614	1143814	4	4
27	99191	101560	2	4
27	113191	115440	5	7
27	129190	131406	2	2
27	144189	146388	7	8
27	160204	162404	6	6
27	175203	177403	4	2
27	188202	190402	0	3
27	203202	205401	7	7
27	216201	218384	5	7
27	229200	231400	2	2
27	241199	243416	7	6
27	257198	259431	2	1
27	270197	272414	8	7
27	282197	284396	2	2
27	294196	296412	8	5
27	306195	308345	6	5
27	319194	321394	3	3
27	335193	337393	7	5
27	349192	351392	0	5
27	361192	363392	2	3
27	377191	379441	3	4
27	389190	391456	7	5
27	404189	406422	3	1
27	420205	422404	3	2
27	434204	436337	7	7
27	449203	451436	3	2
27	465202	467402	7	7
27	481201	483401	4	1
27	496200	498400	7	5
27	512199	514382	6	5
27	528198	530398	4	1
27	542197	544413	7	8
27	556196	558396	7	7
27	569195	571395	0	3
27	581194	583394	1	3
27	593194	595394	0	5
27	605193	607393	3	1
27	621192	623392	1	2
27	636191	638391	7	5
27	649190	651407	3	3
27	664189	666389	7	5
27	678188	680422	3	3
27	693187	695304	4	1
27	706203	708386	7	8
27	722186	724319	3	3
27	734202	736401	7	5
27	748201	750401	1	1
27	760200	762400	0	1
27	774199	776399	5	7
27	788198	790398	6	8
27	800197	802381	3	1
27	814197	816430	7	7
27	829196	831395	1	2
27	843195	845395	7	6
27	858194	860394	8	5
27	872193	874393	3	3
27	887192	889392	3	3
27	899191	901391	8	7
27	912190	914407	7	7
27	926190	928406	2	4
27	939189	941389	3	2
27	952188	954421	5	5
27	965187	967404	6	5
27	979203	981419	3	1
27	992202	994402	7	6
27	1008201	1010401	3	2
27	1021200	1023400	6	7
27	1033199	1035399	3	3
27	1047199	1049282	7	6
27	1062198	1064397	1	3
27	1077197	1079413	3	3
27	1093196	1095429	7	5
28	78070	80704	8	8
28	90069	92252	8	7
28	105068	107318	4	4
28	121067	123284	2	2
28	133067	135300	8	8
28	145082	147282	4	4
28	157082	159282	8	6
28	171081	173247	2	4
28	187080	189180	8	6
28	200079	202279	5	8
28	215078	217278	4	4
28	230077	232294	4	4
28	245076	247276	8	8
28	260075	262292	1	3
28	274074	276308	0	4
28	287074	289340	8	5
28	299073	301273	4	1
28	314072	316422	7	8
28	330071	332271	2	4
28	346070	348286	6	8
28	360069	362286	8	8
28	374068	376318	4	4
28	389067	391267	8	6
28	403083	405283	4	4
28	419082	421282	6	6
28	433081	435281	4	4
28	446080	448280	6	8
28	458079	460279	4	4
28	470079	472279	4	4
28	484078	486311	8	8
28	496077	498260	8	8
28	509076	511293	4	2
28	524075	526275	8	8
28	540074	542291	5	8
28	552074	554273	4	4
28	567073	569272	8	8
28	583072	585271	4	4
28	596071	598304	6	8
28	610070	612270	4	4
28	624069	626302	4	4
28	636068	638285	8	8
28	650067	652301	4	4
28	662083	664267	4	2
28	675082	677282	8	6
28	690082	692281	4	2
28	702064	704197	8	8
28	718080	720280	8	6
28	732079	734279	2	1
28	745078	747278	4	2
28	761077	763277	8	8
28	774076	776293	0	8
28	787075	789292	4	4
28	801075	803274	4	4
28	814074	816307	8	8
28	830073	832273	5	8
28	842072	844289	4	4
28	858071	860288	8	8
28	873070	875287	4	4
28	888069	890269	8	8
28	903068	905285	4	4
28	919067	921200	8	8
28	934083	936333	8	8
28	948082	950282	4	4
28	962081	964281	4	4
28	975080	977280	8	8
28	988080	990279	3	4
28	1002079	1004279	6	8
28	1015078	1017278	1	4
28	1031077	1033293	0	4
28	1043076	1045276	7	8
28	1056075	1058275	4	4
28	1072074	1074291	5	5
29	86110	88444	1	1
29	101109	103292	7	5
29	114125	116325	3	4
29	129124	131324	7	8
29	144123	146323	4	2
29	157122	159305	1	1
29	172121	174321	5	5
29	186120	188320	2	1
29	201119	203319	7	5
29	217118	219235	5	8
29	231117	233317	4	4
29	247116	249333	5	6
29	259116	261332	1	2
29	273115	275315	8	8
29	287114	289314	4	1
29	300113	302296	8	5
29	316112	318329	4	3
29	332111	334328	8	8
29	344110	346310	1	1
29	356109	358309	2	3
29	370109	372309	5	5
29	386108	388324	3	2
29	401123	403340	8	8
29	415122	417322	1	4
29	428122	430322	8	5
29	440121	442321	7	5
29	452120	454303	1	1
29	465119	467319	8	5
29	481118	483302	1	1
29	495117	497317	1	1
29	509117	511333	6	6
29	523116	525332	8	8
29	535115	537348	4	1
29	551114	553314	4	4
29	563113	565330	8	8
29	578112	580312	4	1
29	594111	596311	8	7
29	608110	610327	1	2
29	621110	623326	0	5
29	635109	637309	3	2
29	648108	650308	4	2
29	661107	663340	8	6
29	673123	675323	5	5
29	686122	688305	3	2
29	699121	701305	8	5
29	714120	716320	4	1
29	730119	732319	4	4
29	744119	746335	8	8
29	760118	762434	8	7
29	773117	775317	2	3
29	786116	788316	8	7
29	802115	804331	4	3
29	818114	820247	5	6
29	832113	834330	4	3
29	844112	846362	8	6
29	858111	860328	8	8
29	874110	876310	4	4
29	889109	891326	8	6
29	901109	903309	3	1
29	916108	918324	7	5
29	931107	933323	4	2
29	945123	947289	8	7
29	961122	963321	4	1
29	976104	978220	7	5
29	989120	991236	5	7
29	1001119	1003319	1	2
29	1013118	1015318	8	7
29	1025118	1027317	4	4
29	1040117	1042316	5	8
29	1053116	1055316	8	8
29	1065115	1067248	1	1
29	1080114	1082331	1	4
30	85450	88018	6	6
30	97449	99699	8	5
30	109448	111665	2	4
30	123447	125664	1	3
30	138446	140663	5	7
30	150446	152662	6	5
30	166445	168645	4	1
30	180444	182660	5	7
30	194443	196659	2	1
30	209442	211659	8	5
30	225458	227658	0	5
30	239457	241673	4	2
30	252456	254656	1	3
30	268455	270655	6	7
30	283454	285654	8	6
30	298453	300653	0	1
30	312452	314635	4	3
30	324451	326635	7	5
30	339451	341650	8	5
30	351450	353650	3	1
30	364449	366649	4	1
30	379448	381665	0	6
30	391447	393647	7	5
30	407446	409663	4	1
30	421445	423662	0	7
30	434445	436628	3	1
30	450444	452643	7	7
30	462443	464643	4	3
30	478442	480658	8	5
30	494458	496657	6	6
30	507457	509656	0	3
30	523456	525689	8	5
30	535455	537638	4	1
30	547454	549654	4	4
30	561453	563653	0	7
30	576452	578652	1	3
30	590451	592668	8	7
30	603451	605651	5	5
30	619450	621650	1	2
30	632449	634649	0	1
30	644448	646648	5	7
30	657447	659664	2	2
30	670446	672663	2	1
30	684446	686662	6	5
30	697445	699645	1	1
30	711444	713660	5	5
30	727443	729659	5	6
30	739442	741642	2	4
30	753458	755658	1	3
30	768457	770657	8	5
30	783456	785656	2	2
30	798455	800655	5	5
30	813454	815654	0	5
30	828453	830653	1	1
30	844452	846669	8	5
30	856451	858651	8	5
30	868451	870651	1	3
30	880450	882650	2	3
30	896449	898649	5	6
30	909448	911648	4	4
30	923447	925647	3	4
30	939446	941696	0	5
30	953445	955645	8	8
30	967444	969561	3	2
30	980444	982660	0	3
30	993443	995643	0	7
30	1008442	1010675	4	3
30	1023458	1025658	4	3
30	1037457	1039640	0	7
30	1050456	1052656	4	2
30	1063455	1065655	4	4
30	1077454	1079671	8	5
31	116208	118543	4	1
31	131207	133457	4	4
31	147223	149406	8	8
31	162222	164422	4	4
31	177221	179421	3	1
31	189220	191420	8	8
31	205220	207419	7	5
31	220219	222418	4	2
31	232218	234418	8	6
31	246217	248417	4	1
31	259216	261416	7	5
31	272215	274432	4	2
31	286214	288414	8	8
31	300214	302413	8	6
31	312213	314413	4	4
31	327212	329412	7	5
31	339211	341411	8	8
31	352210	354427	3	3
31	368209	370426	7	5
31	384208	386425	0	4
31	400207	402424	4	4
31	415206	417440	8	5
31	430222	432422	0	1
31	442221	444405	3	4
31	458220	460387	7	8
31	471219	473403	4	1
31	484219	486419	8	5
31	498218	500418	3	1
31	512217	514417	4	2
31	525216	527416	7	8
31	540215	542415	3	2
31	552214	554431	6	5
31	568213	570413	8	6
31	580213	582412	4	2
31	594212	596412	3	1
31	608211	610427	8	5
31	624210	626410	3	4
31	638209	640409	4	1
31	652208	654425	7	8
31	667207	669424	8	8
31	683206	685423	4	1
31	697222	699455	7	8
31	710221	712354	8	8
31	726220	728420	3	1
31	742219	744402	8	7
31	756218	758401	4	2
31	768218	770417	3	4
31	780217	782317	7	6
31	796216	798416	8	8
31	811215	813365	4	4
31	825214	827414	8	8
31	841213	843429	4	4
31	856212	858412	3	2
31	869211	871411	8	8
31	882210	884427	7	6
31	897209	899426	3	4
31	911209	913408	8	6
31	924208	926424	8	5
31	937207	939423	0	4
31	949206	951406	7	8
31	964222	966422	3	1
31	977221	979438	8	8
31	993220	995420	7	8
31	1005219	1007403	3	4
31	1018219	1020418	8	6
31	1030218	1032418	4	2
31	1044217	1046400	3	2
31	1057216	1059416	8	5
31	1071215	1073415	5	5
31	1083214	1085414	3	2
31	1098213	1100413	8	8
31	1110213	1112429	3	1
32	113048	115615	8	8
32	129047	131331	4	4
32	142047	144263	4	4
32	155046	157279	8	8
32	169045	171245	5	8
32	181044	183244	4	4
32	194043	196260	2	1
32	210042	212242	6	8
32	226041	228258	4	4
32	242040	244274	8	8
32	256039	258256	4	4
32	270039	272288	4	4
32	283054	285238	5	8
32	297054	299253	4	4
32	310053	312236	7	8
32	325052	327252	4	4
32	339051	341234	0	4
32	352050	354250	6	8
32	367049	369249	4	4
32	382048	384248	4	4
32	398047	400247	8	6
32	410046	412280	4	4
32	425046	427262	8	8
32	438045	440261	8	8
32	454044	456260	4	4
32	466043	468243	4	4
32	480042	482242	8	8
32	496041	498258	4	4
32	511040	513257	4	4
32	525056	527256	8	8
32	540055	542238	8	8
32	552054	554271	3	4
32	565053	567187	8	8
32	579053	581252	1	4
32	591052	593252	8	8
32	606051	608217	4	4
32	622050	624250	8	8
32	636049	638232	4	4
32	652048	654248	8	6
32	664047	666247	4	4
32	680046	682263	2	2
32	693045	695279	8	8
32	708044	710261	8	8
32	720044	722194	4	4
32	733043	735243	8	8
32	747042	749175	4	4
32	759041	761224	4	4
32	773040	775257	8	5
32	789039	791239	4	4
32	804055	806238	8	8
32	820054	822254	8	8
32	833053	835253	4	4
32	845053	847252	8	8
32	857052	859252	8	8
32	870051	872251	4	4
32	884050	886250	6	8
32	899049	901249	0	4
32	912048	914248	8	6
32	926047	928247	8	8
32	942046	944246	4	4
32	957046	959245	4	4
32	973045	975278	8	8
32	988044	990243	0	8
32	1003043	1005242	4	4
32	1015042	1017242	8	8
32	1027041	1029258	7	8
32	1040040	1042257	4	4
32	1052040	1054239	8	8
32	1067039	1069155	4	4
32	1081054	1083238	8	8
32	1095054	1097253	4	4
32	1109053	1111202	8	8
33	99411	101745	2	4
33	113411	115660	4	4
33	127410	129610	7	8
33	139409	141625	3	3
33	151425	153625	7	8
33	165407	167624	5	7
33	181406	183623	4	3
33	197422	199622	8	5
33	209421	211604	2	3
33	222420	224554	7	5
33	238419	240619	3	1
33	250419	252618	3	3
33	263418	265568	6	7
33	279417	281600	4	4
33	291416	293616	5	7
33	305415	307615	8	6
33	320414	322614	4	3
33	336413	338613	4	1
33	349412	351612	7	8
33	365411	367611	7	6
33	379411	381610	1	1
33	394410	396643	5	6
33	406409	408625	2	3
33	422408	424624	4	2
33	438407	440623	6	8
33	450406	452623	2	1
33	462422	464622	4	1
33	474421	476621	7	7
33	486420	488620	4	4
33	501420	503619	6	6
33	515402	517618	1	1
33	529418	531634	7	7
33	542417	544617	7	8
33	555416	557616	4	1
33	570415	572615	7	6
33	585414	587614	3	1
33	597413	599613	8	6
33	611413	613612	6	7
33	625412	627612	3	4
33	640411	642627	2	4
33	654410	656626	7	8
33	667409	669642	8	5
33	680408	682608	3	2
33	693407	695607	8	7
33	706407	708623	7	5
33	720422	722606	3	1
33	733422	735622	2	1
33	746421	748604	7	5
33	760420	762620	7	7
33	772419	774619	3	3
33	785418	787618	7	7
33	800417	802617	3	3
33	816416	818650	3	4
33	828416	830616	8	8
33	844415	846631	7	7
33	859414	861614	1	4
33	873413	875629	2	2
33	888412	890628	6	7
33	901411	903611	3	4
33	916410	918627	3	4
33	931409	933609	7	7
33	945408	947608	8	5
33	959407	961641	3	3
33	975406	977623	6	8
33	990422	992622	4	4
33	1006421	1008621	3	4
33	1021420	1023620	7	5
33	1034419	1036603	3	4
33	1049418	1051618	7	8
33	1063418	1065617	4	3
33	1079417	1081617	7	7
33	1091416	1093616	5	8
